119,824
-195,425
122,705
1000,737
-851,186
326,-342
248,504
-568,-814
797,-186
461,-591
-653,665
150,488
348,1
385,129
-78,-748
-276,883
309,951
731,69
652,-751
-78,-621
-809,177
973,741
333,93
-573,959
-733,-33
-862,-294
834,-744
419,356
-329,-410
161,959
267,623
7,952
-598,-782
-932,-771
390,-168
-71,-983
-336,998
821,-529
-531,-845
-566,-379
24,-530
-158,-823
192,-874
99,-278
552,664
-891,980
-476,463
-236,-881
105,-94
-899,210
-16,-330
-325,167
-280,374
-35,-494
-41,-231
-658,-12
-921,83
559,-418
-583,-587
-587,-871
279,-658
902,691
-542,-562
-947,-545
-869,377
41,430
-112,-863
189,137
354,856
-172,-715
495,-529
203,313
923,402
661,131
-210,695
662,-723
-985,-35
-540,-899
73,-651
-576,-219
-387,-641
584,324
-964,184
839,-939
-194,168
-958,368
-873,-186
-405,534
60,9
817,416
-127,62
-674,568
-524,-613
32,-342
496,-379
-260,-433
-566,886
-842,-328
976,115
-341,204
916,332
-571,-449
330,-690
524,230
662,43
-267,-169
-685,956
-632,-255
715,430
387,-426
-808,-772
303,-445
765,788
-89,759
-613,-677
-652,52
-848,169
-363,-878
285,108
150,-907
-883,-545
812,-320
990,242
878,219
359,-626
804,-248
289,195
-426,899
238,31
-431,-272
13,5
-353,193
715,-4
-555,406
393,-400
703,-189
-525,298
450,-664
800,992
128,623
-437,-441
8,977
592,964
214,388
-949,-960
-999,-722
-703,-179
418,480
-430,-908
-583,112
-208,-215
469,-46
89,-963
406,-650
-77,647
279,229
355,-582
-598,-96
819,-882
-779,743
-383,371
374,-403
-947,-897
156,-472
-185,493
-175,126
-478,-528
-780,284
455,151
13,-402
-685,-661
524,991
-969,340
169,491
-863,-385
-602,-436
108,755
552,-534
973,-239
-430,946
-313,-478
590,46
-997,409
-474,-200
-49,-812
288,-754
-128,-653
468,616
-435,-13
963,-212
-891,377
-62,-495
-537,626
-199,928
-851,-392
596,183
2,-118
-142,-177
-775,-571
812,890
43,-107
-803,-342
995,21
735,-396
-519,373
-492,-646
207,711
-303,-962
-985,502
971,289
260,-127
743,-834
-20,535
-881,-737
-121,990
534,708
-796,-76
566,446
140,-95
369,876
511,-113
-299,554
-704,-332
670,-508
-275,-691
612,406
-39,-471
900,-992
-113,399
-823,674
-66,-238
-724,-339
-669,496
-370,820
-665,886
-770,445
809,508
-611,-69
-595,772
-846,-656
-637,438
294,-937
491,411
282,-844
-196,125
-659,-70
-762,-932
-809,-870
181,-507
-229,-337
805,681
354,-490
-995,323
789,-790
-696,119
617,-171
525,-394
-111,974
679,469
-748,-702
349,-784
-611,-485
370,656
-262,-984
-836,609
230,770
-816,-534
-750,-609
409,-172
976,-1000
-974,-989
870,-956
791,550
-466,-686
-757,-127
-95,277
-103,-234
775,-38
582,850
-367,-749
-988,-187
583,-795
834,-199
95,-738
955,608
-510,328
-864,924
708,-446
116,380
57,-475
-926,666
-280,465
67,-567
640,-80
786,-452
-782,329
708,685
-767,-265
446,-684
865,-840
131,-516
159,-141
868,-643
-132,724
952,54
862,-154
-54,-965
-794,15
-822,-274
747,637
839,252
736,309
-821,828
725,-56
919,-359
-311,606
-772,414
-708,561
-787,330
-865,-574
-64,377
884,-980
-789,-395
353,-460
-66,361
54,830
-672,483
-884,264
-36,96
-164,-906
703,772
173,607
886,133
-705,471
-393,170
-494,-368
566,-88
-332,-247
358,-691
-139,376
-658,-82
414,-339
151,-606
-123,385
-529,-318
-858,207
930,568
532,375
967,895
-774,-128
-598,343
-980,-166
859,849
4,-771
208,777
705,-585
-838,-832
483,-833
618,-525
625,961
53,137
-787,814
-382,30
-635,-866
-600,-712
157,684
357,-226
720,-380
872,-572
-89,997
820,206
-700,-46
630,-915
-898,-35
-987,858
-948,-153
571,1000
-841,-156
854,-236
-948,816
941,-970
-960,326
-172,997
921,745
27,859
189,-970
-32,-653
630,-712
13,819
873,542
-284,-362
-279,-868
-302,587
113,419
-479,-254
45,-990
415,140
668,-878
532,-860
-3,-91
636,981
-555,-375
69,-294
471,838
1000,-430
-455,-758
59,-267
-719,849
296,529
372,-734
771,-53
-272,491
-77,438
-206,-51
-9,449
636,695
-341,-485
778,629
-494,882
931,363
752,688
-265,580
763,226
-857,256
-412,682
-439,707
-793,554
-750,373
247,354
386,49
20,570
-438,-218
-918,798
48,-214
533,-417
158,686
-281,537
-357,413
-241,-932
738,690
-621,-661
-35,179
-910,498
564,-640
761,-207
616,936
915,-732
374,-503
678,-361
-708,-805
-215,501
-445,817
662,-371
400,394
405,-605
133,-149
-332,597
735,566
-366,341
-478,211
-44,-691
-89,254
46,469
330,-771
849,-336
523,17
-935,-348
603,85
-432,442
523,44
-565,-890
354,-121
198,402
537,716
-976,399
764,366
-65,-844
147,760
-439,-112
-164,-148
-109,165
-172,-699
13,747
-553,-708
-109,538
-825,-865
634,849
519,-565
-315,-282
126,180
-385,-905
-111,788
-775,115
-907,-16
-500,-856
-105,-408
-561,16
-690,553
386,-538
27,588
799,-878
-73,-661
64,998
-861,-747
-553,310
-238,-312
983,-917
182,-620
283,-926
-884,-683
-579,475
312,643
-110,-351
-818,-848
959,-720
-944,-377
884,409
-357,-726
11,617
-285,-927
-892,-119
579,887
395,405
-748,-428
121,463
-395,474
108,-848
-196,355
475,-89
-518,-980
-109,476
67,-89
-793,-694
-440,-845
-389,817
512,204
572,-937
-373,732
916,-650
883,695
-691,-94
713,-84
920,544
-804,-292
-669,-928
764,931
369,307
-80,-814
-281,-679
-213,905
-800,-467
428,122
552,-145
654,-322
242,625
-200,-979
-303,556
-553,-58
-989,588
917,-937
-869,-727
386,-866
-863,515
-798,-341
579,-549
-938,4
465,-281
-511,912
-489,338
205,666
807,545
-224,570
-520,308
25,21
504,-231
-699,962
-485,-909
779,786
936,646
-465,484
640,631
-769,54
-16,813
-866,-422
-127,-192
943,390
182,-97
151,731
-819,-735
-64,-679
399,-329
-286,-594
546,-917
555,821
-906,-18
916,-528
-592,895
901,951
178,949
292,209
-342,-429
538,-654
-45,522
-964,-616
422,537
-906,835
845,-107
-182,69
-937,790
164,772
659,-579
735,692
621,885
-227,-6
291,573
-602,-789
329,899
-817,-599
818,274
-118,293
-506,-624
-560,257
141,494
-504,442
863,-391
640,-423
824,-725
-584,-233
-346,734
802,525
196,-142
-437,932
-199,641
358,131
-577,614
957,-767
-517,779
-283,933
-753,-253
-140,721
82,942
565,141
526,435
-950,689
-408,750
-156,428
-435,805
-353,-769
-445,855
819,-8
989,-351
336,-448
-94,-696
747,181
37,850
583,-3
44,460
757,-400
640,190
-721,428
-42,354
355,-840
303,-740
950,-27
-240,-659
320,9
-251,-496
-648,255
-187,622
-5,-252
317,247
758,870
-100,134
177,-364
-696,-675
62,-352
953,-53
-338,-836
-675,618
800,604
-576,782
-149,-825
353,102
-778,-630
-913,-424
252,-751
-633,808
-466,-264
832,-359
-591,455
125,-584
143,-910
-603,304
482,-572
569,-486
218,682
506,393
-921,81
-131,-377
275,855
373,920
849,302
-317,669
471,-643
688,777
-398,-435
-974,-840
883,-79
-580,591
290,561
479,-555
-605,-211
-385,-842
-3,-863
56,315
99,-877
0,454
955,-851
601,-238
-647,719
863,647
-978,-451
578,-965
-198,-807
-275,-278
-698,-399
586,761
652,783
-513,214
-71,-857
-913,979
-38,354
800,-81
758,-801
-555,237
902,-914
-600,-831
166,-71
-986,-76
963,72
310,-228
634,738
-574,-437
-556,589
230,-490
236,950
625,-379
878,697
347,-442
-995,1000
744,-452
467,-817
-331,611
-131,851
904,951
709,956
202,596
-138,896
-181,639
-764,736
817,-824
925,305
-949,902
-164,-573
636,703
-247,28
-45,405
-356,849
-369,-299
665,-997
33,801
-648,494
129,751
-890,-168
-424,803
63,-425
429,349
627,999
-424,-225
-425,-686
366,-132
-233,187
317,-58
-238,431
227,-554
584,-5
-879,69
200,486
-987,632
-179,-787
-569,-917
159,-575
515,-147
398,-670
593,-510
524,126
-119,519
547,26
-512,983
717,505
-599,545
-325,379
353,991
485,644
259,-982
-957,-643
419,635
786,-400
672,-296
-727,-948
-475,-211
893,966
29,440
-276,858
-326,433
-766,93
911,638
356,130
495,-556
83,82
801,30
388,-495
-855,-234
-471,-167
530,-731
776,-195
377,597
141,-355
-992,106
558,-273
-49,-770
248,722
-676,866
-800,38
523,-519
-955,-938
-951,-677
637,-757
5,726
995,270
-893,-667
75,-304
945,56
-211,213
950,-609
187,167
261,389
-574,-520
435,-254
331,-571
-219,-929
949,-838
73,803
332,761
-892,837
-457,-759
765,118
851,-322
523,453
-122,-580
-598,437
558,593
-287,572
297,855
144,644
-447,535
851,-939
786,-59
-487,-825
-597,-779
-227,589
206,-140
827,-175
-491,-901
150,111
653,213
-37,-276
-736,-629
661,-56
-230,-677
-546,676
950,48
689,-504
355,-368
405,-645
370,-59
731,164
-715,201
-54,496
176,912
930,-492
866,24
760,-94
133,446
-795,-900
350,404
578,-227
646,595
-975,379
284,399
620,358
-144,275
859,-852
494,84
-677,319
-188,270
790,289
-524,220
34,-160
76,-631
-973,-920
84,-402
-811,476
222,811
318,-278
418,349
-4,668
-79,-567
143,189
65,-443
823,-735
-637,41
978,771
-849,138
-664,417
-319,-327
526,-246
-643,-300
-284,270
-182,354
-222,-1000
-961,-32
45,-273
972,625
-572,-984
105,-59
133,-415
-1000,-188
309,438
349,-785
520,263
393,891
369,416
365,-207
207,-284
659,-221
603,-773
280,-276
-434,611
958,595
727,-512
915,-731
479,586
540,-75
-239,480
243,-281
26,-861
645,-447
-747,-951
784,770
-621,-396
22,-783
444,797
780,918
574,231
-555,-675
397,-169
28,-209
-194,-206
167,631
723,-922
-276,566
-871,221
297,126
-274,-400
-512,-783
656,-372
-54,-178
-207,-777
-510,-498
397,-78
-856,-527
787,637
-522,488
989,30
-253,856
-1000,-874
171,-606
325,100
-391,907
581,660
-53,-565
313,711
-832,183
-366,-381
449,-705
-217,-461
533,994
376,210
-520,-105